# Time-averaged data for fix 3
# TimeStep v_press v_vol v_etotal
10030 44551.9 216000 -784470
10040 100390 216005 -783482
10050 29092.4 216023 -782425
10060 9841.79 216047 -780285
10070 -11629.6 216075 -778718
10080 31024.1 216102 -778226
10090 -24688 216139 -777750
10100 34525.6 216182 -774634
10110 10646.7 216228 -773467
10120 -4955.09 216277 -772909
10130 63176.8 216341 -771261
10140 -25489.6 216411 -769720
10150 -27002.2 216473 -768824
10160 6559.4 216531 -768327
10170 15975.9 216589 -767092
10180 31992.1 216652 -766694
10190 -23477.4 216716 -765286
10200 56937.7 216782 -764094
10210 -630.617 216861 -762419
10220 2625.08 216948 -761849
10230 11107.7 217035 -761383
10240 4335.07 217129 -760887
10250 -5838.51 217218 -759988
10260 35578.5 217312 -758114
10270 33320.2 217412 -757538
10280 35127.9 217524 -757025
10290 91666.6 217647 -751125
10300 21565.9 217797 -749685
10310 -106736 217962 -747626
10320 52092.2 218117 -747802
10330 7213.02 218282 -746760
10340 83758.6 218455 -746098
10350 38135.7 218644 -744995
10360 42597 218856 -744847
10370 58008 219082 -741686
10380 12074.7 219312 -740674
10390 -33074.8 219544 -739466
10400 107663 219779 -736595
10410 -96888 220046 -737788
10420 -13254.8 220315 -735527
10430 38110.5 220584 -735913
10440 72796.2 220854 -736095
10450 63908.5 221128 -735448
10460 -2667.36 221395 -732770
10470 44717.4 221662 -731950
10480 38511.4 221937 -731435
10490 51068.4 222212 -730352
10500 -2785.54 222483 -730033
10510 -39067.2 222741 -728718
10520 -47459.4 222996 -729093
10530 51080.8 223248 -727242
10540 -8956.76 223501 -726496
10550 81544.9 223757 -724715
10560 -7192.83 224002 -722928
10570 73317 224231 -723812
10580 40147.7 224459 -723256
10590 94651.8 224693 -722761
10600 135197 224948 -722794
10610 127226 225217 -722676
10620 -18666.8 225497 -722291
10630 125657 225774 -720437
10640 148493 226065 -719547
10650 24036.7 226370 -718909
10660 81210.8 226675 -718495
10670 74826.5 226989 -717285
10680 51254.1 227312 -716572
10690 91375.4 227638 -715942
10700 -55559.4 227972 -716258
10710 75260.6 228299 -714142
10720 8585.17 228630 -714398
10730 105710 228953 -710779
10740 -56147.3 229285 -710095
10750 -41255.9 229610 -709482
10760 43669.5 229938 -710330
10770 30108.3 230273 -709630
10780 44952.8 230605 -706195
10790 43148.1 230943 -705971
10800 -30397.2 231287 -706349
10810 74847.2 231629 -705023
10820 41521.4 231977 -702916
10830 83015.6 232323 -703183
10840 -5335.29 232673 -703504
10850 181508 233017 -702680
10860 85366.2 233375 -702687
10870 141302 233737 -701948
10880 21985.4 234100 -699782
10890 58517.2 234440 -698790
10900 25555.8 234774 -699428
10910 82578.6 235108 -699603
10920 124089 235452 -697491
10930 95712.9 235797 -697572
10940 -7717.56 236139 -697389
10950 -22928.4 236460 -696501
10960 99475 236762 -696763
10970 132873 237080 -696656
10980 79086 237427 -693994
10990 53605.2 237778 -695263
11000 148213 238137 -694629
11010 10882.2 238501 -695281
11020 174164 238856 -695630
11030 51362.1 239220 -696279
11040 33614.9 239585 -695479
11050 39954.3 239953 -696906
11060 44954.2 240298 -697079
11070 29806.5 240626 -696530
11080 -12154.5 240946 -696794
11090 150217 241264 -697286
11100 114573 241602 -697940
11110 -71491.3 241970 -698354
11120 -5115.57 242324 -699511
11130 30505.7 242672 -698473
11140 110808 243009 -697631
11150 54871.3 243344 -698344
11160 86194 243683 -696644
11170 62499.4 244005 -696430
11180 85915.9 244316 -697184
11190 19591.9 244631 -694648
11200 92805.1 244942 -694974
11210 91190 245261 -693894
11220 135434 245576 -693953
11230 79568 245905 -695764
11240 96818.9 246255 -694832
11250 51389.7 246601 -693614
11260 54029.2 246928 -693835
11270 20568 247241 -694158
11280 109478 247546 -693506
11290 143982 247876 -692710
11300 49615.4 248230 -693875
11310 46109.3 248579 -694256
11320 53179.8 248906 -695807
11330 81088.3 249201 -695319
11340 108228 249471 -692593
11350 120101 249733 -692409
11360 86354.4 250014 -692417
11370 99357.7 250317 -692079
11380 15899.5 250621 -691643
11390 83301.7 250907 -692359
11400 108141 251190 -693832
11410 158431 251505 -693496
11420 78075.3 251848 -695010
11430 -46190 252206 -694857
11440 95653.1 252534 -695770
11450 68759.9 252853 -695254
11460 43468.3 253163 -695838
11470 -19801.3 253477 -696175
11480 48695.9 253783 -697577
11490 -40283.6 254066 -698133
11500 10688.8 254335 -696774
11510 89653.6 254601 -697244
11520 29211.9 254876 -697111
11530 23193.3 255141 -698491
11540 82084.3 255385 -697764
11550 16696.7 255639 -697697
11560 -6965.86 255888 -695684
11570 45543.1 256126 -696423
11580 33057 256356 -697505
11590 56288.9 256589 -697443
11600 -30874.2 256828 -697497
11610 30178.4 257049 -697717
11620 49439.1 257278 -697731
11630 135789 257532 -698185
11640 -52001.9 257800 -696928
11650 -7308.54 258039 -697717
11660 102444 258264 -698222
11670 160831 258506 -699060
11680 73981.4 258779 -698846
11690 32974 259065 -699025
11700 159248 259352 -699096
11710 -61056.2 259658 -697084
11720 24502.7 259950 -694413
11730 34140.2 260219 -693361
11740 35695.4 260479 -693836
11750 101218 260737 -692925
11760 97417.2 261011 -693893
11770 47739.6 261293 -694033
11780 -41248.7 261569 -694383
11790 50723.4 261819 -695216
11800 61419.9 262083 -695866
11810 67697 262356 -696070
11820 -16406.4 262612 -697755
11830 105697 262847 -699043
11840 12781.5 263085 -700092
11850 34546.9 263319 -699590
11860 84755.7 263556 -699960
11870 -21170.1 263797 -700353
11880 96944.5 264020 -701487
11890 103281 264248 -702929
11900 57447.9 264499 -699355
11910 29302 264762 -699693
11920 94133.8 265024 -700888
11930 96822.5 265296 -701145
11940 -43634.4 265580 -701246
11950 -39279.5 265847 -702404
11960 80307.3 266091 -702981
11970 25972.4 266332 -701994
11980 -22911.7 266544 -701456
11990 55085.4 266746 -701740
12000 4083.01 266964 -702606
12010 -30504.7 267196 -701501
12020 30761.5 267430 -701324
12030 20464.1 267655 -702263
12040 -68649.3 267876 -703491
12050 104969 268080 -703348
12060 -26606 268293 -703569
12070 54483.6 268497 -704086
12080 -38328.9 268711 -704239
12090 -22131.2 268934 -704808
12100 75717.1 269159 -702468
12110 -1194.74 269396 -702174
12120 34923.6 269632 -703177
12130 -54078.8 269869 -703775
12140 84104.8 270081 -703529
12150 24758.1 270292 -704764
12160 -17015.4 270502 -705401
12170 -30805.2 270701 -703424
12180 -32412 270898 -702910
12190 -68483.2 271078 -703877
12200 81382 271238 -705129
12210 52765.2 271423 -703237
12220 88554.3 271631 -704359
12230 41438 271858 -704980
12240 24303.5 272088 -704479
12250 -28932.4 272313 -704880
12260 68126.3 272512 -703991
12270 -12859.9 272704 -704843
12280 116854 272901 -706262
12290 10045.4 273125 -705674
12300 61437.6 273335 -705164
12310 -17013.1 273540 -704040
12320 -14294.7 273740 -704845
12330 -52967.1 273937 -704806
12340 -884.081 274124 -704372
12350 54345.4 274303 -704874
12360 52782.7 274485 -705851
12370 15046 274669 -707284
12380 52493.9 274857 -708179
12390 32308.9 275059 -707877
12400 -67877.2 275264 -707756
12410 72491 275461 -707252
12420 -1768.2 275665 -707858
12430 46506.7 275860 -708206
12440 -10462.9 276069 -708442
12450 13616 276279 -709314
12460 5505.78 276475 -709760
12470 -40551.6 276669 -710232
12480 39174.2 276861 -708542
12490 47648.6 277057 -709522
12500 -15940.5 277265 -708830
12510 -5215.32 277468 -709396
12520 21619.2 277661 -710029
12530 -20640 277833 -710887
12540 109633 277992 -709649
12550 70633.5 278175 -708895
12560 21534.5 278367 -709353
12570 -15406.8 278571 -708308
12580 48618.9 278773 -709094
12590 -8755.02 278974 -709516
12600 44524.1 279155 -710200
12610 16649.5 279344 -711728
12620 -49558.1 279544 -712065
12630 -15858.1 279736 -711266
12640 12112.1 279921 -711727
12650 68440 280121 -710249
12660 45933.3 280331 -709724
12670 37606.6 280550 -710805
12680 84452.8 280770 -711410
12690 59586.1 280985 -712884
12700 65364.8 281207 -713116
12710 -30821.2 281436 -712106
12720 -16875.7 281638 -712202
12730 106407 281821 -713582
12740 -8780.61 282025 -714364
12750 1095.93 282227 -716251
12760 41646.4 282441 -716738
12770 48829.3 282649 -717848
12780 43770.4 282842 -718857
12790 32197.7 283030 -717703
12800 47304.3 283233 -718343
12810 59530.7 283453 -718484
12820 -47561.8 283670 -718508
12830 55037.9 283861 -716914
12840 17855.2 284051 -716523
12850 -25191 284230 -716572
12860 71803.5 284374 -717086
12870 -282.077 284513 -716915
12880 3582.94 284632 -716087
12890 4180.89 284760 -717485
12900 -36567.3 284893 -719042
12910 23644.6 285012 -718924
12920 -63903.2 285127 -719467
12930 30373.9 285220 -717531
12940 84388.7 285302 -718268
12950 18994.2 285388 -719089
12960 68903.3 285492 -717302
12970 -295.793 285611 -718360
12980 -6199.75 285729 -717898
12990 17622.6 285856 -718893
13000 -1203.1 285986 -719281
13010 -6041.8 286112 -718807
13020 15061.9 286232 -719218
13030 56571.3 286351 -717641
13040 36370.2 286486 -718639
13050 -2887.96 286635 -717990
13060 31818.2 286792 -717073
13070 27177.3 286949 -717662
13080 25759.4 287089 -718195
13090 3315.63 287243 -719195
13100 -12474.5 287404 -718921
13110 5795.14 287552 -718856
13120 -41198.8 287704 -717692
13130 24891 287865 -717030
13140 35433.9 288037 -718107
13150 -11402.9 288209 -717175
13160 26506.7 288376 -718839
13170 -46249.2 288543 -719930
13180 -7869.19 288696 -720228
13190 2799.52 288849 -720665
13200 100.35 289001 -720860
13210 -13244.4 289148 -720950
13220 -7733.55 289284 -721467
13230 73172 289417 -721306
13240 56721.8 289571 -721593
13250 32133.3 289736 -723086
13260 -67193.2 289902 -723856
13270 -43473.5 290030 -723869
13280 65671.1 290138 -725044
13290 19479.6 290260 -725284
13300 -50932.1 290379 -725741
13310 40795.8 290485 -725347
13320 -448.73 290608 -725183
13330 -62852.9 290729 -724795
13340 46535.5 290825 -725497
13350 18469.2 290911 -724383
13360 -7148.26 291012 -723934
13370 23904.1 291113 -724129
13380 -14043.1 291208 -725438
13390 15647.9 291290 -724151
13400 -4538.27 291378 -725383
13410 18163.5 291479 -724891
13420 -49505 291582 -724991
13430 98440.3 291680 -724486
13440 33534.1 291796 -723688
13450 -5039 291916 -725615
13460 -7855.2 292027 -726250
13470 31712.1 292136 -725158
13480 2343.3 292260 -725561
13490 -30538.3 292394 -726581
13500 533.317 292507 -726831
13510 -37441.6 292617 -726896
13520 11762.4 292721 -727458
13530 26148.3 292833 -726660
13540 60042.7 292945 -727136
13550 22920.8 293057 -727227
13560 24599.6 293172 -727017
13570 57482.9 293301 -727385
13580 44725.4 293436 -728747
13590 -3416.18 293580 -730235
13600 -31466.3 293717 -729590
13610 -5415.25 293840 -729513
13620 51200.2 293960 -730098
13630 21209.4 294100 -730968
13640 -34851.6 294253 -731621
13650 1964.23 294392 -731555
13660 -76744.1 294526 -732511
13670 36162.7 294636 -732745
13680 13040.2 294760 -731407
13690 5718.23 294890 -732155
13700 -56499.9 295025 -731868
13710 -35959.1 295154 -732305
13720 21992 295278 -732570
13730 -2917.08 295404 -732953
13740 4936.23 295543 -732979
13750 -18188.3 295658 -732340
13760 -360.349 295759 -733042
13770 49276.9 295844 -732928
13780 5901.54 295949 -733946
13790 18929.9 296061 -733589
13800 -52494.5 296164 -732875
13810 -11620.6 296246 -733026
13820 -14825.4 296315 -732587
13830 291.189 296389 -732737
13840 58252.5 296471 -733556
13850 -16789.5 296552 -733879
13860 10982.3 296635 -733465
13870 -70289.4 296722 -733903
13880 13368.6 296812 -734466
13890 -3635.92 296907 -734100
13900 28070.1 297001 -733996
13910 -53999.8 297114 -734455
13920 3044.04 297202 -734481
13930 80890.9 297292 -732669
13940 -31830.8 297405 -731545
13950 -32127.3 297501 -731489
13960 -10764.2 297589 -731433
13970 -10345.7 297673 -730788
13980 26612.8 297766 -731657
13990 9843.4 297852 -732147
14000 -47077.2 297921 -732827
14010 -38045.8 297975 -733033
14020 -4114.87 298032 -732704
14030 23093.7 298077 -733128
14040 26282.6 298121 -734396
14050 22252.6 298180 -734795
14060 18190.2 298256 -735319
14070 -748.401 298339 -734458
14080 9925.31 298406 -735173
14090 -19070.9 298463 -734678
14100 387.881 298508 -735624
14110 -97317.3 298545 -737030
14120 22842.5 298552 -737357
14130 7450.06 298560 -738142
14140 15223.5 298555 -738556
14150 -10869.4 298557 -738516
14160 43232.8 298566 -739155
14170 48165.1 298595 -739521
14180 -28834.4 298649 -739326
14190 41784.8 298690 -737380
14200 42710.9 298733 -737573
14210 -13932.8 298776 -735969
14220 44846.6 298813 -736316
14230 -3685.53 298851 -736597
14240 -12055 298893 -736161
14250 -37507 298937 -736909
14260 -1523.72 298968 -737052
14270 5648.62 298989 -738269
14280 -9108.78 299006 -737423
14290 38482.9 299018 -738032
14300 14197.3 299034 -738681
14310 23569.6 299060 -738063
14320 7812.72 299089 -737470
14330 26759.8 299136 -737482
14340 -25975.2 299191 -736983
14350 61567.6 299243 -736463
14360 -20749 299311 -736396
14370 35698.2 299384 -736069
14380 516.975 299465 -736007
14390 12260.4 299552 -736240
14400 -25741.4 299635 -736716
14410 -47103.3 299730 -736962
14420 -3405.15 299793 -736893
14430 -35435.1 299838 -737822
14440 27144.2 299870 -737123
14450 -11219 299907 -737651
14460 -38535.7 299945 -738140
14470 -22786.1 299969 -738267
14480 -428.642 299987 -738570
14490 28851.8 300026 -738502
14500 -7383.17 300090 -738824
14510 -16900.4 300147 -738991
14520 -5548.21 300208 -739000
14530 -5430.18 300287 -737300
14540 -48566.8 300366 -736676
14550 27400.3 300420 -737025
14560 -3097.54 300463 -738120
14570 24770.2 300497 -737696
14580 40437.9 300526 -738140
14590 1564.16 300558 -737978
14600 -1294.26 300569 -737694
14610 -25089.8 300583 -737662
14620 18005.4 300596 -737308
14630 -1963.79 300616 -737898
14640 -2704.07 300636 -737669
14650 53344.3 300667 -737555
14660 -21014.8 300729 -737355
14670 -29118.6 300780 -737775
14680 24933.4 300807 -738164
14690 -14276.9 300841 -738524
14700 -23392.2 300869 -738845
14710 -6701.01 300894 -739156
14720 -33352.8 300915 -739694
14730 -4035.11 300924 -740219
14740 -23381.7 300924 -737649
14750 31045.9 300922 -737983
14760 -21539.3 300951 -738626
14770 -51544.3 300979 -739867
14780 4439.24 300997 -740608
14790 -63352.1 301017 -739685
14800 24430.4 301027 -740372
14810 11498.5 301057 -740659
14820 8377.77 301097 -740529
14830 -50363.5 301151 -740248
14840 13681.3 301193 -740199
14850 -32111.5 301229 -740856
14860 34049.5 301252 -739956
14870 7597.53 301268 -740411
14880 35263.1 301280 -739671
14890 10649.1 301309 -740062
14900 -30464.5 301339 -740199
14910 -10775.5 301360 -740132
14920 24992.3 301376 -740003
14930 -23576 301377 -740464
14940 56764.3 301367 -741642
14950 -30113.9 301394 -742571
14960 9202.2 301432 -743508
14970 10984.6 301483 -743265
14980 -24022.3 301529 -742937
14990 -35691.3 301563 -743701
15000 -20527.8 301598 -743267
15010 -118192 301627 -743810
15020 5790.39 301623 -744356
15030 -32594.5 301636 -743141
15040 30058.9 301632 -743407
15050 19817.5 301620 -741966
15060 2655.03 301611 -742082
15070 72658.9 301588 -742961
15080 -18136.2 301567 -743402
15090 25679.3 301544 -743796
15100 -3415.03 301531 -743259
15110 32303.5 301528 -743163
15120 6857.35 301540 -743520
15130 -8595.75 301568 -744254
15140 -22921.8 301601 -743748
15150 42577.2 301635 -743799
15160 11676.8 301684 -744502
15170 -4835.36 301729 -745108
15180 -29740.8 301766 -744142
15190 -15052.4 301776 -744823
15200 -18195.9 301787 -743988
15210 -43799.5 301806 -744919
15220 -14406.7 301824 -745119
15230 -26339.2 301830 -745477
15240 19491.1 301814 -744964
15250 -19884.7 301812 -745637
15260 -42185.9 301823 -745791
15270 9829.2 301830 -745603
15280 26660.2 301849 -745620
15290 -12148.2 301871 -745301
15300 -11832.4 301892 -745226
15310 -8956.76 301912 -745001
15320 -54581.4 301944 -744885
15330 36708.2 301973 -744098
15340 -30326.3 302015 -744385
15350 -26247.8 302048 -744785
15360 15894.1 302062 -744911
15370 -12886.4 302072 -746231
15380 -28131.2 302068 -744697
15390 -14220.1 302058 -744988
15400 -27377.3 302056 -743180
15410 -9043.06 302055 -742993
15420 24539.1 302065 -741608
15430 -20880.9 302081 -741351
15440 -16612.4 302096 -741445
15450 27728.8 302105 -741379
15460 -4331.8 302128 -741477
15470 -5570.27 302169 -741648
15480 49105.6 302216 -742111
15490 14817.6 302273 -742002
15500 -21755.7 302323 -742833
15510 6603.18 302358 -743078
15520 12906.8 302392 -743471
15530 -48889.6 302424 -743872
15540 -26178.2 302429 -743627
15550 -32264.2 302429 -744382
15560 -32766.5 302425 -743947
15570 -19216.3 302400 -743772
15580 19766 302369 -744226
15590 -45363 302355 -744560
15600 88213 302335 -743914
15610 38189.5 302341 -744632
15620 -9556.48 302356 -746008
15630 27511.2 302372 -746190
15640 -8168.25 302389 -745267
15650 -60983.2 302400 -743596
15660 56980.8 302390 -744018
15670 -2037.9 302396 -744145
15680 6032.87 302416 -744172
15690 645.477 302440 -742854
15700 -10212.1 302465 -743469
15710 -51800.7 302478 -742762
15720 21181.2 302478 -742598
15730 28946.4 302486 -742517
15740 -22039.7 302496 -742654
15750 75091 302515 -742364
15760 21361.1 302561 -742679
15770 -14206.2 302624 -743194
15780 13727.7 302678 -743927
15790 -19673.4 302702 -744317
15800 -75010.8 302709 -745261
15810 18302.2 302694 -745887
15820 -25206 302682 -745623
15830 39990 302649 -746071
15840 -16995.9 302616 -745689
15850 27491 302586 -744617
15860 85475.4 302561 -743360
15870 -6350.32 302559 -743747
15880 -23276.9 302553 -743996
15890 3014.47 302547 -744490
15900 -17519.6 302541 -745004
15910 -45086.2 302537 -744894
15920 63085.7 302539 -745125
15930 -38150.2 302548 -745186
15940 52304.2 302535 -745497
15950 -7060.63 302538 -745961
15960 1361.71 302549 -746259
15970 -10377.9 302552 -746170
15980 65409.9 302539 -746493
15990 -57194 302535 -746817
16000 -56149 302515 -746386
16010 41500.7 302469 -746579
16020 -53124.4 302426 -747185
16030 52118.7 302379 -747270
16040 5443.89 302342 -748106
16050 17561.3 302320 -748198
16060 -59200.2 302316 -748037
16070 52044.9 302306 -747610
16080 25623.1 302310 -746375
16090 -24388.5 302307 -746590
16100 -25051.1 302302 -746361
16110 -609.604 302291 -746883
16120 7682.2 302283 -746964
16130 20479.9 302264 -747061
16140 -33145.1 302235 -747266
16150 48858.1 302185 -747213
16160 -29758.2 302130 -745162
16170 -8396.92 302064 -745540
16180 -8162.44 301994 -745873
16190 66930.7 301929 -746166
16200 -2219.29 301877 -747708
16210 45694.5 301821 -747638
16220 18552.2 301789 -748280
16230 -23442.3 301762 -748651
16240 13817 301710 -748517
16250 10096.6 301658 -748288
16260 21923.6 301607 -747790
16270 -5511.38 301560 -747194
16280 -11145.5 301521 -747337
16290 26169.3 301479 -747052
16300 53456.9 301434 -747473
16310 12667.6 301406 -746949
16320 50324.5 301388 -745954
16330 -10110.7 301354 -745845
16340 28097.3 301302 -745916
16350 55438.3 301256 -746358
16360 3966.49 301242 -746320
16370 -1801.25 301239 -744814
16380 64785.9 301236 -744937
16390 -37211.4 301247 -744687
16400 38292.4 301260 -744194
16410 29272.5 301284 -743922
16420 -2713.07 301308 -744913
16430 -23362.5 301334 -745234
16440 11956.8 301339 -745345
16450 19411.8 301325 -746031
16460 65126.5 301309 -745287
16470 -42263.8 301285 -744718
16480 36986.5 301249 -744733
16490 -8646.93 301237 -745531
16500 67250.6 301230 -745041
16510 21057.8 301235 -745831
16520 33530.7 301244 -744399
16530 42489.1 301272 -745030
16540 -26730.3 301330 -744071
16550 -25495.5 301389 -745045
16560 -45695.2 301444 -744214
16570 25732.8 301494 -745096
16580 6332.51 301543 -745460
16590 2187.45 301584 -745698
16600 25587.5 301619 -745910
16610 -26867.6 301647 -745588
16620 8631.46 301674 -745562
16630 3638.85 301693 -745663
16640 71.0094 301700 -744734
16650 14363 301709 -743786
16660 21553.6 301736 -743801
16670 -10172.8 301772 -744004
16680 -6613.32 301812 -744825
16690 46747 301843 -744867
16700 13046.8 301885 -744576
16710 48356.1 301942 -744719
16720 -14271.9 302023 -745231
16730 -32211.5 302092 -745352
16740 -21490.2 302153 -745619
16750 -8447.8 302212 -745751
16760 -3747.25 302265 -745262
16770 -9157.23 302313 -744977
16780 21507.3 302351 -745457
16790 -33710.2 302388 -746397
16800 -60514.8 302408 -746750
16810 27586.3 302393 -747041
16820 17789 302379 -747350
16830 -7202.83 302385 -747780
